1	43	224
1	25	73
1	24	49
1	81	34
1	54	5
2	90	1349
2	43	362
2	70	249
2	77	196
3	54	331
4	43	423
4	90	289
4	70	102
5	70	229
6	33	72
7	33	8
8	33	7
8	77	1
9	69	35
10	69	220
10	26	27
10	45	17
10	56	4
11	77	101
11	70	47
11	31	36
11	54	18
11	19	13
11	24	10
11	66	1
12	41	2383
12	70	269
12	24	59
12	72	1
13	84	127
13	81	1
14	70	75
14	9	7
15	43	680
15	90	89
15	70	74
16	80	185
16	13	70
16	65	1
17	40	19
17	39	7
18	70	23
18	35	22
18	8	10
19	40	675
19	80	338
19	43	72
20	40	12
21	80	244
21	13	106
21	78	7
21	52	2
22	19	116
22	71	63
22	43	25
22	59	1
23	43	110
23	12	18
23	8	11
24	43	812
24	13	153
24	90	138
24	67	12
25	19	90
25	56	20
25	67	3
26	80	887
26	13	3
27	80	742
27	66	1
28	61	18
28	72	15
28	6	2
28	71	1
29	56	35
29	19	30
29	43	14
29	9	4
30	43	19
30	61	7
30	24	1
31	13	157
31	43	94
31	70	64
31	60	3
31	9	1
32	43	677
32	13	28
32	78	25
33	43	734
33	13	47
34	43	244
34	56	133
35	87	53
35	17	52
35	43	7
36	43	762
36	90	135
36	56	24
36	12	20
37	43	780
37	1	231
37	56	56
37	63	2
38	43	874
38	56	133
38	5	2
39	57	148
39	56	27
39	43	22
39	12	9
39	20	2
40	43	158
40	16	124
40	57	117
40	48	1
41	65	318
42	43	994
42	90	624
43	43	1148
43	90	163
44	43	1087
45	21	66
45	19	33
45	7	33
45	71	28
45	43	23
45	2	2
46	1	42
46	84	31
47	67	50
47	84	33
48	43	447
48	84	32
48	9	11
48	45	5
48	56	4
49	56	196
49	84	73
49	42	9
49	10	1
49	8	1
49	6	1
50	19	6
50	4	6
51	83	15
52	83	3
53	83	15
54	83	9
55	83	23
55	86	1
56	83	6
57	83	6
58	83	3
59	4	4
59	83	1
60	83	15
61	83	7
62	83	7
63	83	29
64	83	9
65	83	12
66	83	6
67	83	12
68	83	3
69	83	25
70	83	18
70	20	12
71	83	7
72	83	14
73	83	6
74	83	6
75	83	6
76	83	6
77	83	6
78	83	37
79	83	27
80	83	21
81	83	57
82	4	146
82	83	43
82	63	38
83	83	37
84	83	25
85	83	33
86	83	25
87	83	33
88	83	29
89	83	35
90	83	21
91	83	25
92	83	25
93	83	29
94	83	21
95	83	28
95	29	10
95	89	7
96	83	25
97	83	37
98	83	25
99	83	25
100	83	51
101	83	25
102	83	25
103	83	39
104	83	21
105	83	24
105	20	1
106	83	49
107	19	28
107	83	3
108	83	27
109	83	42
109	20	15
110	83	33
111	83	25
112	83	21
113	83	27
114	83	29
115	83	28
115	19	1
116	83	6
117	83	6
118	83	13
119	83	6
120	83	16
121	83	9
122	19	6
122	83	1
123	83	9
124	83	3
125	83	7
125	20	1
125	5	1
126	83	3
127	59	198
127	13	42
128	17	101
128	85	17
129	67	163
129	59	43
130	67	162
130	59	28
131	27	513
131	71	3
132	59	33
133	59	4
133	46	1
133	12	1
134	17	91
134	54	6
134	89	3
134	63	3
135	54	331
135	76	1
136	59	11
136	13	10
137	71	1686
137	13	148
137	29	48
138	59	457
138	34	66
139	46	261
139	59	46
139	13	32
140	59	1620
140	13	44
140	32	1
141	59	13
142	75	183
142	42	2
143	84	129
144	59	1195
144	9	343
145	17	52
146	26	133
146	71	5
146	62	1
147	79	3
147	46	3
147	8	1
148	59	811
149	25	11
149	42	8
150	88	18
150	21	6
150	9	6
150	85	4
150	13	4
150	48	1
151	88	27
151	55	11
151	3	3
152	5	13
152	71	2
153	13	23
153	1	8
153	88	6
154	85	23
154	88	11
154	7	1
154	1	1
155	88	35
155	85	25
156	88	3
156	7	3
157	45	10
157	37	6
157	88	3
158	88	38
158	45	6
158	48	1
159	88	23
159	85	4
159	4	2
160	88	19
160	73	4
160	3	4
160	35	1
161	57	47
161	25	46
161	80	1
161	21	1
161	11	1
162	4	42
162	20	4
163	45	7
163	88	2
164	5	9
165	25	6
166	5	25
166	88	1
167	64	9
167	85	6
167	41	4
167	88	3
168	53	52
169	90	90
169	25	1
170	70	19
170	30	16
171	30	90
171	70	46
171	29	23
171	7	9
172	30	638
172	70	8
172	67	1
173	30	940
173	70	123
173	24	53
174	70	20
174	30	18
174	59	2
175	64	24
176	44	43
176	9	18
176	70	8
177	9	87
177	64	41
177	6	3
178	70	109
179	9	20
179	17	2
180	64	10
181	77	7
182	69	57
182	90	1
183	36	16
183	70	7
184	70	7
185	24	21
186	77	14
186	88	8
186	12	6
186	85	4
186	64	3
187	33	10
188	77	10
189	45	11
189	70	2
190	24	9
191	45	108
192	37	9
192	45	4
193	77	10
193	37	9
194	69	13
194	70	2
195	77	10
196	77	7
197	64	137
198	42	61
198	6	12
199	75	11
200	77	68
201	77	139
202	45	9
202	64	8
203	70	87
204	24	46
205	81	5
206	46	24
206	70	7
206	19	1
207	5	8
207	81	4
208	81	16
209	81	5
210	77	4
210	34	4
210	81	3
211	9	104
211	1	55
212	54	331
213	26	544
213	59	8
213	7	2
213	42	1
214	26	12
214	34	8
214	86	7
215	84	128
216	86	2377
216	24	462
216	70	414
216	77	158
216	9	75
217	33	23
217	9	16
218	53	52
219	12	465
219	24	82
219	72	12
219	33	1
220	24	67
221	33	278
221	47	2
222	81	200
223	76	2543
223	70	335
223	77	61
224	24	48
224	12	12
225	33	1
225	19	1
225	9	1
226	69	954
226	81	1
227	12	1662
227	70	314
227	77	92
228	54	331
229	69	1853
229	24	441
229	10	1
230	77	170
231	69	435
232	24	28
232	69	3
233	24	27
233	33	24
234	71	1681
234	24	457
234	70	173
234	77	160
235	33	34
236	69	1396
237	69	1622
238	24	139
238	81	130
238	21	5
239	69	203
239	71	1
240	24	201
240	53	132
240	81	31
240	54	4
241	77	186
241	70	155
242	33	374
242	47	1
243	84	128
244	24	96
244	75	1
245	33	323
246	69	882
247	5	136
247	24	78
247	81	46
248	24	449
248	69	89
249	44	31
249	6	1
250	44	28
251	73	129
251	85	35
252	85	447
252	88	63
253	22	23
254	13	333
255	85	309
255	42	20
255	13	7
256	19	74
257	85	50
257	13	35
257	45	19
258	71	888
258	24	680
258	69	300
259	13	88
259	45	32
260	13	7
260	44	2
260	61	1
261	44	63
261	19	7
262	13	1637
262	85	564
262	34	108
262	9	21
262	22	12
263	25	439
263	85	282
264	45	43
265	44	32
266	19	25
266	7	8
267	72	2329
268	44	63
268	13	5
269	34	724
269	85	119
269	61	1
270	85	241
270	66	47
270	9	38
270	34	1
271	13	12
271	20	3
272	28	2634
272	13	61
273	36	72
273	42	14
273	9	7
273	70	1
274	36	62
274	29	3
275	22	76
275	83	4
276	22	92
276	34	1
277	22	55
277	43	1
278	22	33
279	44	28
280	44	94
280	9	9
280	19	7
280	29	1
281	44	69
281	13	52
282	54	331
283	44	43
284	44	54
285	19	13
286	13	37
286	82	6
287	13	26
288	13	29
288	23	1
289	19	32
290	4	124
290	25	30
290	51	2
291	19	101
292	85	781
292	13	303
292	58	1
293	53	123
293	85	13
294	13	53
295	25	314
295	85	185
296	13	46
296	85	9
297	72	259
298	85	20
298	5	20
298	19	10
299	13	170
299	76	27
299	75	3
300	19	54
300	43	11
301	7	27
301	71	5
302	45	130
303	44	72
303	13	6
303	29	1
304	72	451
304	13	20
304	85	7
305	73	182
305	85	26
306	44	68
307	22	1252
307	13	100
307	85	71
307	19	1
308	13	476
308	85	68
309	84	127
309	71	1
310	15	972
310	13	431
310	85	82
311	29	1902
311	9	398
311	70	267
311	13	66
312	13	723
312	85	98
313	85	218
313	9	41
313	66	31
314	72	9
314	64	6
315	13	746
315	85	163
315	83	8
316	85	55
316	19	30
316	13	29
316	9	2
317	44	49
317	76	1
318	13	68
319	54	17
319	59	1
319	53	1
320	54	17
320	73	1
320	23	1
321	87	1558
322	87	2576
323	87	101
324	8	878
325	29	224
325	70	185
325	13	185
325	76	85
326	29	233
326	70	185
327	24	435
327	69	245
327	8	171
327	63	10
328	81	406
329	69	25
329	8	15
330	56	58
330	64	15
331	8	376
331	47	95
332	8	498
332	56	112
332	24	73
332	81	67
332	45	16
332	72	2
333	81	27
334	70	227
334	67	210
334	9	16
335	13	30
335	70	19
335	47	7
336	81	41
337	81	68
337	43	1
338	81	40
339	81	5
339	8	5
339	69	1
340	47	18
341	12	552
341	47	381
341	70	257
341	8	140
341	9	115
341	45	79
341	60	1
342	47	337
342	9	265
342	13	206
342	70	26
343	53	68
344	47	223
344	24	172
344	17	13
344	56	1
345	12	17
345	56	14
345	8	2
346	81	27
346	33	1
347	31	700
347	47	223
347	9	116
347	24	17
348	67	84
348	70	10
349	67	206
349	70	198
349	31	53
349	9	17
350	43	31
350	56	17
350	82	3
350	23	3
351	70	287
352	8	12
353	8	188
354	77	319
355	8	539
355	85	10
355	33	1
356	24	179
357	8	367
358	12	362
358	70	259
358	24	73
358	45	25
358	9	25
359	1	112
360	31	84
360	67	23
360	73	1
361	67	18
361	31	7
362	67	59
362	45	13
363	67	90
364	67	42
364	38	15
365	67	42
366	31	67
366	1	3
367	67	28
367	31	16
367	38	13
368	67	40
369	67	45
369	10	14
370	67	40
370	31	8
370	9	8
371	67	77
371	31	42
371	9	38
371	3	1
372	1	54
372	9	15
372	67	9
373	67	71
373	9	12
373	66	2
374	67	66
374	45	16
374	57	1
375	64	23
375	67	18
375	42	4
375	10	1
376	31	286
376	70	41
377	31	21
378	42	1953
379	9	315
379	70	304
379	24	163
380	84	527
380	42	17
381	84	189
382	84	205
383	84	77
384	53	27
384	84	14
385	84	113
386	37	773
386	74	270
386	50	238
386	70	165
387	27	34
387	39	17
388	25	23
388	2	11
388	47	4
389	47	5
389	71	2
390	39	67
390	8	25
390	9	23
390	83	11
390	79	11
390	53	6
391	50	581
391	9	254
392	42	1763
393	37	221
393	24	70
393	42	45
394	77	5
394	33	1
395	2	57
395	6	10
396	2	31
396	6	6
397	45	23
397	6	9
398	81	43
398	2	7
398	36	1
399	24	378
399	69	132
399	2	72
399	45	19
399	81	15
399	34	5
399	46	1
400	14	68
400	21	1
401	49	128
401	52	1
402	14	59
403	14	699
403	50	2
403	13	2
403	15	1
404	14	110
405	49	75
405	40	62
405	9	31
406	14	52
407	14	55
408	49	8
408	14	3
409	46	183
409	14	8
409	18	2
409	19	1
410	70	4
410	2	4
410	24	1
411	69	39
411	2	19
411	43	2
412	24	31
412	33	22
412	34	21
412	69	8
412	44	3
413	9	303
413	70	25
414	49	3395
414	77	265
414	68	2
415	45	55
415	6	14
416	9	312
416	70	33
417	46	114
417	45	32
417	81	13
418	2	119
418	6	21
418	43	8
419	49	127
419	87	1
419	6	1
420	2	675
420	77	595
420	24	213
420	49	36
420	79	31
421	49	118
421	75	66
421	77	61
422	2	1518
422	70	358
422	24	281
422	43	5
423	74	441
423	34	19
424	50	589
424	9	256
425	82	359
425	89	37
425	65	1
426	6	2183
426	89	32
427	82	2974
427	89	110
428	6	624
428	63	13
429	7	104
429	6	44
429	82	33
430	89	2469
430	66	1
431	67	8
431	6	7
431	20	2
432	6	1076
432	43	30
432	89	8
433	82	326
433	78	84
433	43	35
433	6	21
433	17	2
434	82	216
434	32	193
434	62	8
435	68	193
435	82	12
436	53	5
436	52	4
437	52	2532
437	32	4
437	43	1
438	77	18
438	66	1
438	51	1
439	74	1306
439	77	278
439	37	183
440	45	20
441	24	281
441	53	71
441	64	53
442	24	368
442	71	150
442	69	144
442	12	40
442	33	32
442	7	3
442	88	2
443	37	1222
443	70	29
443	88	1
444	9	7
444	66	2
445	70	12
446	26	2764
446	24	349
446	42	51
446	70	1
447	74	112
447	34	36
448	53	77
449	39	17
449	79	1
449	71	1
449	57	1
449	24	1
450	57	39
450	39	12
450	54	8
451	73	200
451	57	47
452	39	20
453	39	28
453	34	12
454	39	33
454	57	16
454	79	14
454	8	12
454	69	11
455	39	43
455	87	1
456	39	41
457	39	25
458	39	51
458	63	11
459	39	20
459	34	8
460	39	20
461	39	36
462	39	33
462	34	12
463	39	26
464	54	331
464	78	1
465	39	5
465	53	4
466	39	23
466	54	8
467	53	7
467	39	2
468	16	81
468	57	7
469	84	129
470	53	46
470	16	3
470	40	1
471	39	8
472	23	142
473	57	75
474	57	30
475	23	6
475	83	2
476	23	592
477	3	181
477	62	22
478	23	147
479	16	4647
480	39	20
480	82	1
481	57	1070
482	39	80
482	7	29
482	42	7
482	18	7
483	23	142
484	16	151
484	66	86
484	49	1
485	39	29
485	71	4
486	23	95
487	23	154
488	3	175
488	62	22
489	23	118
490	39	88
491	23	65
492	39	89
493	23	123
494	39	18
495	39	49
496	57	638
497	57	452
498	3	510
499	3	383
500	3	28
500	39	13
500	42	7
501	39	24
502	23	117
503	78	127
503	39	40
504	23	91
504	80	1
505	39	47
505	26	1
506	39	55
507	9	80
507	39	61
508	39	36
509	23	1189
509	3	25
510	39	18
511	7	38
511	39	21
512	3	83
513	3	406
514	16	60
515	53	5
515	39	4
516	74	1058
516	24	175
516	70	27
516	77	1
517	48	210
517	78	108
518	48	134
519	48	187
519	67	1
519	50	1
520	48	298
521	48	446
522	73	422
522	48	371
522	9	10
523	19	30
523	18	13
523	38	2
524	58	6478
524	24	470
524	2	2
524	42	1
525	60	4194
525	9	20
525	76	1
526	48	381
526	55	209
527	48	220
527	88	16
527	51	1
527	7	1
528	48	850
528	73	64
528	9	6
528	60	2
528	19	1
529	48	178
529	53	3
530	48	2057
530	55	5
531	18	1015
531	48	562
531	16	30
531	44	1
532	18	216
532	19	16
533	31	608
533	9	153
534	9	195
534	12	141
534	31	137
534	70	10
534	6	2
534	13	1
535	48	895
535	57	16
536	55	183
537	73	388
537	10	10
538	51	395
538	9	16
538	60	1
539	21	191
539	5	77
539	10	53
539	81	31
540	55	225
541	53	8
541	35	3
541	87	1
541	51	1
542	73	146
543	68	512
544	5	1003
544	24	994
544	9	28
544	71	23
545	21	914
545	7	47
546	73	53
546	55	3
547	73	270
547	78	37
548	14	51
548	80	3
549	14	1006
550	24	107
550	14	82
550	55	5
551	35	32
552	14	67
553	55	14
553	14	12
554	35	149
555	35	47
555	89	1
556	14	118
557	55	728
558	66	755
558	71	2
558	19	2
559	7	70
559	19	26
559	85	19
560	88	585
560	73	3
561	78	215
562	66	135
562	7	17
562	78	14
563	78	13
564	78	460
564	12	20
564	61	1
565	78	259
565	57	21
566	66	12
566	11	9
567	78	15
568	66	15
568	41	1
569	9	272
569	13	40
570	53	51
570	8	2
571	73	107
572	85	169
572	13	68
573	19	147
573	85	34
573	9	26
573	65	24
574	69	1198
575	85	56
575	19	26
575	13	17
576	85	145
576	9	7
577	38	318
577	70	160
577	9	76
577	24	65
578	38	39
578	72	22
578	19	16
578	42	13
578	65	5
578	9	5
579	19	387
579	70	109
579	9	83
579	65	73
579	38	5
580	85	98
580	39	2
581	9	28
581	65	19
581	6	4
581	48	1
582	77	192
582	70	134
582	5	1
583	85	106
583	13	70
583	15	15
584	13	41
584	9	16
584	85	7
585	19	46
585	85	25
585	43	4
586	21	189
587	78	127
587	22	1
588	70	6
588	10	3
589	73	111
590	7	42
591	38	85
591	13	32
591	8	24
591	66	11
591	12	1
592	51	2056
592	55	1
593	17	202
593	60	160
593	57	47
593	66	1
594	11	4214
594	24	770
594	70	387
594	9	7
594	79	1
595	73	160
595	57	14
596	46	147
596	9	25
596	68	1
597	10	2458
597	21	182
597	51	3
598	60	19
598	3	1
599	7	56
600	73	10
600	48	7
601	7	169
602	64	57
602	19	37
602	6	15
603	7	65
603	71	3
604	7	75
605	7	154
605	79	25
605	9	25
605	53	19
605	1	7
606	21	18
606	81	13
606	69	13
607	7	65
608	7	69
608	66	22
608	14	1
609	21	44
609	81	20
609	71	5
610	73	50
610	45	3
610	64	1
611	67	6
611	88	1
611	43	1
612	7	6
613	7	16
613	71	2
614	7	6
615	73	29
615	7	4
616	7	8
616	71	3
617	21	5
617	65	1
618	85	7
618	64	7
618	7	4
619	66	22
620	7	9
620	33	1
621	7	7
622	21	45
623	87	6
623	3	6
624	7	10
625	7	7
626	3	3
626	44	1
627	9	9
627	65	5
628	23	26
629	3	4
630	21	29
631	73	34
632	73	6
632	45	2
633	55	15
634	73	10
635	16	73
636	16	10
637	7	3
638	12	11
639	73	12
640	61	5
640	41	4
640	38	4
640	13	3
641	73	18
642	73	21
643	88	21
644	57	87
644	10	28
644	60	20
644	73	7
645	66	26
645	14	1
646	16	11
647	5	25
648	41	15
649	73	9
649	41	1
650	73	5
651	55	10
652	73	8
653	73	6
654	45	21
654	72	20
655	79	147
656	79	53
657	64	149
658	63	1306
659	38	29
659	86	10
659	11	1
660	62	1573
661	45	357
662	45	121
662	81	12
663	64	101
663	74	3
663	47	1
664	64	55
664	36	2
665	53	7
666	81	273
666	74	1
667	45	151
667	65	1
668	9	103
668	1	33
669	36	929
669	90	65
669	9	1
670	42	131
670	6	38
670	82	1
671	9	168
671	87	5
671	74	5
672	79	277
672	10	1
673	56	61
673	31	9
674	17	21
674	2	12
674	9	6
675	31	27
675	64	15
676	36	28
676	43	4
677	53	66
678	1	20
678	82	8
678	13	5
678	51	2
678	38	1
679	79	47
680	45	92
681	75	230
681	60	2
682	44	466
682	9	145
682	70	38
682	11	1
683	53	70
684	45	52
684	26	10
684	53	6
684	1	3
685	64	33
685	36	2
686	90	88
686	58	1
686	32	1
687	64	50
688	62	276
688	34	161
689	45	140
689	34	1
690	32	2033
691	79	388
692	56	75
692	64	69
692	36	6
693	65	1106
693	13	2
693	59	1
694	56	64
695	12	154
695	9	40
696	69	139
697	59	82
697	4	57
697	15	25
697	77	1
697	8	1
698	20	23
699	4	39
699	65	15
700	20	23
700	2	1
701	20	31
702	20	21
702	80	1
703	20	26
704	61	127
704	20	28
705	20	64
706	20	26
707	61	42
708	20	40
708	67	1
709	4	2
709	3	1
710	20	26
711	20	31
712	61	45
712	20	14
712	42	2
713	20	24
714	61	64
715	4	477
715	61	151
716	4	146
716	20	28
716	62	21
717	20	23
718	54	331
718	4	1
719	20	22
720	20	26
721	20	42
722	20	19
723	20	56
724	20	22
725	19	27
725	4	12
726	20	23
727	61	323
727	19	1
728	20	58
729	20	30
729	28	2
729	79	1
730	20	78
731	20	107
732	20	88
733	20	26
734	20	23
735	61	75
735	59	4
735	76	1
736	61	110
736	20	33
737	20	67
738	20	81
738	70	1
739	61	136
739	20	18
740	20	22
741	20	23
742	61	61
742	20	25
742	69	1
743	20	48
744	61	149
745	20	26
746	20	22
746	32	5
746	83	4
746	39	1
747	20	34
748	20	27
749	20	21
750	84	126
750	61	3
751	61	289
752	20	20
752	34	3
753	61	47
754	20	22
755	61	240
756	20	58
757	20	55
